1.559467850087099, -0.7016840802021869
3.605247535351765, -0.7534479775196008
5.748445300867125, -0.7984697048350891
7.891643066382489, -0.8332894643845061
10.03484083189785, -0.8559112189962295
12.17803859741321, -0.8678874420259652
14.32123636292857, -0.8672220963020911
16.464434128443937, -0.8556894370882715
18.607631893959297, -0.83284590056859
20.750829659474658, -0.7982479229271309
22.894027424990018, -0.7543351051514329
24.939807110254687, -0.7026599205972024
26.790750635017954, -0.6484465653185629
28.446857999279825, -0.596232327515823
29.9081292030403, -0.547222486248303
31.369400406800768, -0.4937690860391941
32.83067161056124, -0.437788956235849
34.194524734071024, -0.3834207056564132
35.558377857580794, -0.3276583973698126
36.92223098109058, -0.27085054580283807
38.188666024349644, -0.21880572473534388
39.45510106760872, -0.16350810235113178
40.7215361108678, -0.10983688062527852
41.98797115412688, -0.056514173326216666
43.25440619738596, -0.002494437173572228
44.52084124064504, 0.04978272684511609
45.88469436415481, 0.10554503513171676
47.24854748766458, 0.15991328571115238
48.612400611174365, 0.21253896415663198
50.07367181493484, 0.2664715717025785
51.63236109894601, 0.32319229466285515
53.28846846320788, 0.3786254504352642
55.04199390772045, 0.4339230728194766
56.89293743248372, 0.4866455608279535
58.93871711774838, 0.5379880725202469
61.081914883263735, 0.5841187093755258
63.2251126487791, 0.6240394528079785
65.36831041429447, 0.6544235741982343
67.51150817980982, 0.678597802165664
69.65470594532519, 0.6952314452625193
71.79790371084054, 0.7052116311206325
73.94110147635591, 0.7074294502002132
76.08429924187128, 0.7063205406604229
78.22749700738663, 0.700332429145555
80.370694772902, 0.6876908603919449
82.51389253841737, 0.6748275097303768
84.65709030393272, 0.6584156485414796
86.80028806944809, 0.6397859682730016
88.94348583496344, 0.6207127241886075
91.0866836004788, 0.600752352472381
93.22988136599417, 0.581679108387987
95.37307913150953, 0.5626058643035928
97.5162768970249, 0.5450850935749053
99.65947466254026, 0.5268989771223435
101.80267242805562, 0.5095999883016139
103.94587019357098, 0.49296634520475857
106.08906795908635, 0.4758891382919871
108.23226572460172, 0.45836836756329946
110.37546349011706, 0.43907334157094735
112.51866125563242, 0.4168951507751403
114.66185902114779, 0.3920555770838363
116.80505678666316, 0.3625585833254128
118.94825455217853, 0.3270734780521214
121.09145231769386, 0.2840477879082556
123.23465008320923, 0.23348151289381547
125.18301168822319, 0.17884923623347726
126.83911905248507, 0.1252796645487716
128.30039025624555, 0.07208765015975627
129.66424337975533, 0.016325341873155708
130.9306784230144, -0.040308252480423246
132.00227730577208, -0.09080799292247588
132.97645810827908, -0.14155169346328256
133.95063891078604, -0.1957108353866437
134.92481971329303, -0.25539973954842576
135.85570359124415, -0.3150344303549293
136.69999362008352, -0.37629552181979187
137.63087749803466, -0.4356591458499024
138.43187060231816, -0.49407403616263657
139.1277140326803, -0.5479195151018854
139.89314180607863, -0.604161030725324
140.67248644808421, -0.6672857062778901
141.43791422148257, -0.7284499881797553
142.036339571594, -0.7839799535151619
142.63476492170543, -0.839277575899374
143.3027746148531, -0.8966081991065356
143.88728309635727, -0.9519058214907479
144.55529278950493, -1.0149288470021665
145.05630005936564, -1.0729913505055895
145.64080854086984, -1.1275570925935399
146.22531702237404, -1.1909867182695484
146.80982550387822, -1.2552295442747363
147.39433398538242, -1.317845969621565
147.9788424668866, -1.3829019959559328
148.5633509483908, -1.44836462245489
148.8556051891429, -1.5052886454974614
149.24527751014568, -1.563839069198392
